,Année,Centrales hydrauliques (TWh),Centrales nucléaires (TWh),Centrales thermiques (TWh),Renouvelables (TWh),Production brute (TWh),Pompage accumulation (TWh),Production nette (TWh)
0,1970,31273,1850,1763,0,34886,965,33921
1,1971,27563,1843,2181,0,31587,1377,30210
2,1972,25277,4650,2371,0,32298,1644,30654
3,1973,28825,5896,2434,0,37155,1724,35431
4,1974,28563,6730,2117,0,37410,1541,35869
5,1975,33974,7391,1629,0,42994,1198,41796
6,1976,26622,7561,2058,0,36241,1344,34897
7,1977,36290,7728,1885,0,45903,1277,44626
8,1978,32510,7995,1845,0,42350,1361,40989
9,1979,32345,11243,1963,0,45551,1586,43965
10,1980,33542,13663,957,0,48162,1531,46631
11,1981,36097,14462,956,0,51515,1395,50120
12,1982,37035,14276,974,0,52285,1532,50753
13,1983,36002,14821,996,0,51819,1346,50473
14,1984,30872,17396,884,0,49152,1444,47708
15,1985,32677,21281,869,0,54827,1364,53463
16,1986,33589,21303,988,0,55880,1461,54419
17,1987,35412,21701,1048,0,58161,1564,56597
18,1988,36439,21502,1023,0,58964,1445,57519
19,1989,30485,21543,1082,0,53110,1454,51656
20,1990,30675,22298,1013,88,54074,1695,52379
21,1991,33082,21654,1247,95,56078,1946,54132
22,1992,33725,22121,1393,109,57348,1438,55910
23,1993,36253,22029,913,118,59313,1186,58127
24,1994,39556,22984,988,133,63661,1271,62390
25,1995,35597,23486,1137,138,60358,1520,58838
26,1996,29698,23719,1556,147,55120,1754,53366
27,1997,34794,23971,1686,149,60600,1519,59081
28,1998,34295,24368,2124,161,60948,1620,59328
29,1999,40616,23523,2386,168,66693,1408,65285
30,2000,37851,24949,2372,176,65348,1974,63374
31,2001,42261,25293,2433,187,70174,1947,68227
32,2002,36513,25692,2612,194,65011,2418,62593
33,2003,36445,25931,2689,201,65266,2893,62373
34,2004,35117,25432,2776,198,63523,2433,61090
35,2005,32759,22020,2932,207,57918,2631,55287
36,2006,32557,26244,3103,237,62141,2720,59421
37,2007,36373,26344,2894,305,65916,2104,63812
38,2008,37559,26132,2913,363,66967,2685,64282
39,2009,37136,26119,2817,422,66494,2523,63971
40,2010,37450,25205,3123,474,66252,2494,63758
41,2011,33795,25560,2866,660,62881,2466,60415
42,2012,39906,24345,2869,899,68019,2411,65608
43,2013,39572,24871,2721,1148,68312,2132,66180
44,2014,39308,26370,2448,1507,69633,2355,67278
45,2015,39486,22095,2660,1716,65957,2296,63661
46,2016,36326,20235,3072,1983,61616,2922,58694
