Année,Importation de bois et charbon de bois (TJ),Importation de pétrole et dérivés (TJ),Importation de charbon (TJ),Importation de gaz (TJ),Importation de biocarburants (TJ),Importation d'éléctricité (TJ)
1970,0,313268.55,23238.7,1540,0,12938.4
1971,0,318638.6,15876.5,3720,0,24742.8
1972,0,327033.7,10930.900000000001,4720,0,28249.2
1973,220,349405.0,10397.0,6390,0,25264.8
1974,0,326470.89999999997,15033.5,13460,0,22586.4
1975,0,298072.95,9020.1,21680,0,16686.0
1976,0,313972.05,8570.5,22630,0,25844.4
1977,440,311580.14999999997,8851.5,25840,0,18165.600000000002
1978,0,313245.1,8907.7,28350,0,27550.8
1979,0,302200.14999999997,14724.400000000001,31800,0,31924.8
1980,220,297932.25,21721.300000000003,36280,0,35809.200000000004
1981,220,277788.7,29027.300000000003,39140,0,35420.4
1982,280,260318.44999999998,16719.5,41340,0,32547.600000000002
1983,250,292773.25,12869.800000000001,45450,0,40136.4
1984,260,285269.25,18517.9,50690,0,58701.6
1985,350,289677.85,16494.7,52440,0,56084.4
1986,660,318779.3,19838.600000000002,53810,0,52243.200000000004
1987,500,281587.6,17000.5,57970,0,45756.0
1988,550,289021.25,13853.300000000001,58430,0,54381.6
1989,590,284706.45,10762.300000000001,63670,0,78958.8
1990,370,302833.3,14471.5,68180,0,82076.40000000001
1991,360,314980.39999999997,11605.300000000001,76580,0,86418.0
1992,410,315425.95,5479.5,80510,0,78325.2
1993,400,287004.55,4439.8,84480,0,85874.40000000001
1994,330,305811.45,4608.400000000001,83370,0,81802.8
1995,340,281704.85,6856.400000000001,91920,0,104212.8
1996,350,302974.0,4636.5,99500,0,120546.0
1997,330,309633.8,3175.3,96060,0,110358.0
1998,360,318310.3,2753.8,98880,0,134708.4
1999,340,296759.75,2641.4,102450,0,133430.4
2000,340,290498.6,8008.5,101880,0,143712.0
2001,420,321991.95,5479.5,106040,0,208666.80000000002
2002,390,308930.3,4467.900000000001,104080,0,169603.2
2003,360,296853.55,3259.6000000000004,110010,0,152467.2
2004,350,297017.7,5676.200000000001,113490,0,135684.0
2005,380,304756.2,4524.1,116510,10,169502.4
2006,380,310665.6,7530.8,113290,0,175636.80000000002
2007,820,274060.14999999997,9413.5,110310,0,174844.80000000002
2008,790,301309.05,7306.0,117530,10,180982.80000000002
2009,1090,307851.6,7643.200000000001,112810,100,187207.2
2010,1190,278140.45,6069.6,126010,170,240602.4
2011,1250,269276.35,5395.200000000001,111770,190,299872.8
2012,1180,274669.85,6041.5,122520,250,312570.0
2013,2080,290357.89999999997,6406.8,129030,280,130348.8
2014,1630,263437.3,5395.200000000001,111770,670,134776.80000000002
2015,2100,251641.94999999998,6266.3,119420,1840,152301.6
2016,1720,253306.9,5535.700000000001,125460,3290,136868.4
