Année,Degré.jour,Total (TJ),Combustibles pétroliers (TJ),Carburants (TJ),Électricité (TJ),Gaz (TJ),Charbon (TJ),Bois (TJ),CAD (TJ),Déchets (TJ),ENR (TJ)
1910,,99990,240,500,3530,2220,76310,17190,0,0,0
1911,,109490,340,620,4330,2350,84660,17190,0,0,0
1912,,111190,350,660,5040,2570,85380,17190,0,0,0
1913,,115670,340,690,5450,2550,89450,17190,0,0,0
1914,,112640,150,520,5670,2570,86900,16830,0,0,0
1915,,112061,41,450,6240,2660,87740,14930,0,0,0
1916,,105292,12,170,6840,2900,82780,12590,0,0,0
1917,,92023,3,310,7560,2190,68380,13580,0,0,0
1918,,92820,10,290,8390,1920,63880,18330,0,0,0
1919,,78989,49,590,8140,1850,48610,19750,0,0,0
1920,,93120,370,1490,7630,2000,64140,17490,0,0,0
1921,,75820,390,960,7200,2000,48510,16760,0,0,0
1922,,92080,1010,1640,7850,2110,60480,18990,0,0,0
1923,,111260,1200,1870,8570,2260,75480,21880,0,0,0
1924,,106810,1520,2000,9760,2400,70060,21070,0,0,0
1925,,109960,1560,2920,10330,2570,72650,19930,0,0,0
1926,,110530,1760,3190,10870,2720,71980,20010,0,0,0
1927,,121120,2010,3980,11560,2900,81560,19110,0,0,0
1928,,122790,2370,4950,12240,3100,80710,19420,0,0,0
1929,,139290,2980,5860,13050,3330,94010,20060,0,0,0
1930,,130480,3310,6690,12830,3470,84870,19310,0,0,0
1931,,135000,3880,7730,12070,3640,87290,20390,0,0,0
1932,,134630,5170,8770,11550,3800,86080,19260,0,0,0
1933,,131020,6070,8470,12270,3820,81390,19000,0,0,0
1934,,132650,6430,9510,12800,3880,80970,19060,0,0,0
1935,,133080,6760,9290,13530,3870,79800,19830,0,0,0
1936,,133930,6970,8520,14460,3850,82030,18100,0,0,0
1937,,139230,6450,8660,16960,3920,85220,18020,0,0,0
1938,,139980,6770,9150,16900,4020,85190,17950,0,0,0
1939,,143360,7700,8640,18390,4020,86450,18160,0,0,0
1940,,128050,4800,5760,19630,4240,70500,23120,0,0,0
1941,,121870,1940,2140,20570,3490,62460,31270,0,0,0
1942,,116160,1510,1480,20490,3390,58460,30830,0,0,0
1943,,111410,1320,1280,22450,3350,51740,31270,0,0,0
1944,,101420,650,1510,24200,3480,41320,30260,0,0,0
1945,,106670,670,480,27550,2430,42620,32920,0,0,0
1946,,126630,8690,6300,29650,2820,44940,34230,0,0,0
1947,,138670,17450,10910,28220,3300,56480,22310,0,0,0
1948,,147990,16060,13630,31950,3650,59670,23030,0,0,0
1949,,145810,19360,13870,28330,3740,59780,20730,0,0,0
1950,,167700,23670,19070,31780,3770,67690,21720,0,0,0
1951,,179280,26470,19860,36780,3870,70750,21550,0,0,0
1952,,187540,27580,22820,37770,3930,74120,21320,0,0,0
1953,,179560,30410,24480,39200,3970,61560,19940,0,0,0
1954,,202150,40680,26590,40560,4050,71990,18280,0,0,0
1955,,220700,47690,30750,44780,4030,75330,18120,0,0,0
1956,,249910,64000,37070,46120,4190,81280,17250,0,0,0
1957,,245280,62490,37800,48120,4130,74920,17820,0,0,0
1958,,256070,74750,43180,50120,4100,67360,16560,0,0,0
1959,,265440,77190,48790,51780,4060,68510,15110,0,0,0
1960,,294540,95300,55310,57210,4120,68080,14520,0,0,0
1961,,311450,103560,66090,60270,4090,63270,14170,0,0,0
1962,,358360,134470,71260,63780,4210,68490,16150,0,0,0
1963,,407400,169340,82790,66540,4400,68150,16180,0,0,0
1964,,418370,182220,91490,69650,4280,54510,16220,0,0,0
1965,,447660,212980,96710,72800,4360,43980,16830,0,0,0
1966,,450680,216960,104020,74550,4350,36070,14730,0,0,0
1967,,470650,235220,108470,77500,4470,30700,14290,0,0,0
1968,,506160,261550,115580,80770,4700,29930,13630,0,0,0
1969,,547090,291150,125130,85320,5950,27230,12310,0,0,0
1970,,586050,316510,138060,90310,6620,24440,10110,0,0,0
1971,,613010,334490,150260,94490,7600,16500,9670,0,0,0
1972,,626120,336470,160720,97710,8200,13790,9230,0,0,0
1973,,672690,371150,165330,103590,9550,12960,10110,0,0,0
1974,,622040,325810,155760,106440,13550,12130,8350,0,0,0
1975,,611750,314830,156070,104050,18870,9580,8350,0,0,0
1976,,622730,320700,157000,107650,20430,8600,8350,0,0,0
1977,,636210,313400,167200,112640,24120,10500,8350,0,0,0
1978,,671390,335600,170000,116870,22450,9200,7910,5760,3600,0
1979,,657900,313930,168770,121560,25420,9440,9010,6070,3700,0
1980,,698290,310660,178820,126910,30370,13630,26280,7920,3700,0
1981,,687890,284090,181620,130300,33370,20110,25480,8320,4600,0
1982,,672750,264940,183720,132230,35830,17790,24930,8430,4880,0
1983,,691250,268480,191710,136690,39920,15340,25340,8610,5160,0
1984,,721260,272330,198910,142790,45410,19770,26560,9210,6280,0
1985,,730900,270780,201050,148760,47660,19790,27030,9430,6400,0
1986,,745870,274260,210300,152450,48980,17200,26290,9860,6530,0
1987,,755680,268440,216880,156930,52820,16420,26380,11250,6560,0
1988,,758790,261760,227300,159580,53800,14030,25010,10720,6590,0
1989,,761970,247020,236010,163810,58830,14010,24870,10780,6640,0
1990,,794250,243600,253220,167680,63640,14360,28560,10420,8680,4090
1991,,834780,261650,258940,171310,71450,12540,31470,12090,10740,4590
1992,,837860,257870,265890,172320,75360,8660,30450,11970,10720,4620
1993,2641.0,814290,245520,253490,170060,79320,7280,30530,11310,11960,4820
1994,2264.0,794850,228480,257470,168830,78060,7350,28480,11280,10110,4790
1995,2429.0,818350,237680,256360,172380,86000,7920,30360,11970,10440,5240
1996,2740.0,838860,243540,259080,175290,92320,5960,33340,12480,11110,5740
1997,2460.0,823210,228100,268890,175000,88550,4590,29340,12980,10090,5670
1998,2542.0,847670,239750,274460,178630,91550,3810,29850,13250,10320,6050
1999,2485.0,853620,227680,286920,184370,92840,3960,29410,13210,8930,6300
2000,2238.0,846950,208430,293370,188540,93160,5770,27730,13180,10440,6330
2001,2379.0,869890,226750,285870,193500,97020,6030,29590,13900,10450,6780
2002,2297.0,842460,208240,279810,194500,94860,5560,28350,14020,10190,6930
2003,2523.0,862530,218430,276640,198440,99980,5710,30250,14590,11060,7430
2004,2441.0,865540,215460,275420,202220,103430,5420,30050,14770,10980,7790
2005,2670.0,878020,215720,277500,206390,106460,6040,31260,15240,10880,8530
2006,2461.0,875280,207680,281300,208020,104420,6520,31660,15720,10990,8970
2007,2375.0,851790,180730,289330,206760,102180,7300,30510,14670,10600,9710
2008,2557.0,885220,188230,298420,211420,108880,6560,33910,15470,11130,11200
2009,2463.0,865070,182080,293450,206980,104530,6190,34960,15320,9510,12050
2010,2802.0,902680,190410,295080,215230,115940,6210,38230,17240,10040,14300
2011,2292.0,842280,150850,296590,210960,104210,5740,33360,15860,10510,14200
2012,2556.0,873050,161130,299850,212300,114320,5170,36780,16880,10300,16320
2013,2753.0,894700,168460,299770,213560,120750,5570,40370,17890,10440,17890
2014,2072.0,825500,127550,298260,206880,107120,5700,34410,16290,11840,17450
2015,2409.0,838150,133890,290530,209690,112940,5210,36680,18450,10190,20570
2016,2584.0,854300,137240,291820,209660,117230,4790,39480,19600,10790,23690
