0,Population résidente (en milliers),Étrangers (en milliers),Régions urbaines (en milliers),Régions rurales (en milliers)
1950.0,4717,285,0.0,0.0
1960.0,5360,514,0.0,0.0
1970.0,6193,1001.9,0.0,0.0
1980.0,6335.0,913.5,5340.649,994.594
1990.0,6751.0,1127.1,5674.646,1076.047
1995.0,7062.0,1363.6,5896.738,1165.616
1996.0,7081.0,1369.0,5912.475,1168.871
1997.0,7096.0,1375.2,5926.265,1170.2
1998.0,7123.537,1383.645,5952.288,1171.249
1999.0,7164.0,1407.0,5993.073,1171.371
2000.0,7204.0,1424.0,6033.196,1170.859
2001.0,7256.0,1448.0,6083.031,1172.622
2002.0,7314.0,1477.0,6137.118,1176.735
2003.0,7364.0,1501.0,6181.297,1182.851
2004.0,7415.102,1524.663,6227.381,1187.721
2005.0,7459.128,1541.912,6267.552,1191.576
2006.0,7508.739,1554.527,6312.691,1196.048
2007.0,7593.494,1602.093,6389.952,1203.542
2008.0,7701.856,1669.715,6487.696,1214.16
2009.0,7785.806,1714.004,6562.902,1222.904
2010.0,7870.0,1766.0,6636.877,1233.257
2011.0,7954.662,1815.994,6711.933,1242.729
2012.0,8039.06,1869.969,6785.61,1253.45
2013.0,8139.631,1937.447,6873.617,1266.014
2014.0,8238.0,1998.0,6959.114,1278.552
2015.0,8327.0,2048.0,7036.743,1290.383
2016.0,8419.55,2101.146,7119.751,1299.799
