,Année,Production - Centrales hydrauliques (TJ),Production - Centrales nucléaires (TJ),Production - Centrales thermiques (TJ),Production - Énergies Renouvelables (TJ),Production brute (TJ),Production - Pompage accumulation (TJ),Production nette (TJ)
0,1970,112582.8,6660.0,6346.8,0.0,125589.6,3474.0,122115.6
1,1971,99226.8,6634.8,7851.6,0.0,113713.2,4957.2,108756.0
2,1972,90997.2,16740.0,8535.6,0.0,116272.8,5918.400000000001,110354.40000000001
3,1973,103770.0,21225.600000000002,8762.4,0.0,133758.0,6206.400000000001,127551.6
4,1974,102826.8,24228.0,7621.2,0.0,134676.0,5547.6,129128.40000000001
5,1975,122306.40000000001,26607.600000000002,5864.400000000001,0.0,154778.4,4312.8,150465.6
6,1976,95839.2,27219.600000000002,7408.8,0.0,130467.6,4838.400000000001,125629.2
7,1977,130644.0,27820.8,6786.0,0.0,165250.80000000002,4597.2,160653.6
8,1978,117036.0,28782.0,6642.0,0.0,152460.0,4899.6,147560.4
9,1979,116442.0,40474.8,7066.8,0.0,163983.6,5709.6,158274.0
10,1980,120751.2,49186.8,3445.2000000000003,0.0,173383.2,5511.6,167871.6
11,1981,129949.2,52063.200000000004,3441.6,0.0,185454.0,5022.0,180432.0
12,1982,133326.0,51393.6,3506.4,0.0,188226.0,5515.2,182710.80000000002
13,1983,129607.2,53355.6,3585.6,0.0,186548.4,4845.6,181702.80000000002
14,1984,111139.2,62625.6,3182.4,0.0,176947.2,5198.400000000001,171748.80000000002
15,1985,117637.2,76611.6,3128.4,0.0,197377.2,4910.400000000001,192466.80000000002
16,1986,120920.40000000001,76690.8,3556.8,0.0,201168.0,5259.6,195908.4
17,1987,127483.2,78123.6,3772.8,0.0,209379.6,5630.400000000001,203749.2
18,1988,131180.4,77407.2,3682.8,0.0,212270.4,5202.0,207068.4
19,1989,109746.0,77554.8,3895.2000000000003,0.0,191196.0,5234.400000000001,185961.6
20,1990,110430.0,80272.8,3646.8,316.8,194666.4,6102.0,188564.4
21,1991,119095.2,77954.40000000001,4489.2,342.0,201880.80000000002,7005.6,194875.2
22,1992,121410.0,79635.6,5014.8,392.40000000000003,206452.80000000002,5176.8,201276.0
23,1993,130510.8,79304.40000000001,3286.8,424.8,213526.80000000002,4269.6,209257.2
24,1994,142401.6,82742.40000000001,3556.8,478.8,229179.6,4575.6,224604.0
25,1995,128149.2,84549.6,4093.2000000000003,496.8,217288.80000000002,5472.0,211816.80000000002
26,1996,106912.8,85388.40000000001,5601.6,529.2,198432.0,6314.400000000001,192117.6
27,1997,125258.40000000001,86295.6,6069.6,536.4,218160.0,5468.400000000001,212691.6
28,1998,123462.0,87724.8,7646.400000000001,579.6,219412.80000000002,5832.0,213580.80000000002
29,1999,146217.6,84682.8,8589.6,604.8000000000001,240094.80000000002,5068.8,235026.0
30,2000,136263.6,89816.40000000001,8539.2,633.6,235252.80000000002,7106.400000000001,228146.4
31,2001,152139.6,91054.8,8758.800000000001,673.2,252626.4,7009.2,245617.2
32,2002,131446.80000000002,92491.2,9403.2,698.4,234039.6,8704.800000000001,225334.80000000002
33,2003,131202.0,93351.6,9680.4,723.6,234957.6,10414.800000000001,224542.80000000002
34,2004,126421.2,91555.2,9993.6,712.8000000000001,228682.80000000002,8758.800000000001,219924.0
35,2005,117932.40000000001,79272.0,10555.2,745.2,208504.80000000002,9471.6,199033.2
36,2006,117205.2,94478.40000000001,11170.800000000001,853.2,223707.6,9792.0,213915.6
37,2007,130942.8,94838.40000000001,10418.4,1098.0,237297.6,7574.400000000001,229723.2
38,2008,135212.4,94075.2,10486.800000000001,1306.8,241081.2,9666.0,231415.2
39,2009,133689.6,94028.40000000001,10141.2,1519.2,239378.4,9082.800000000001,230295.6
40,2010,134820.0,90738.0,11242.800000000001,1706.4,238507.2,8978.4,229528.80000000002
41,2011,121662.0,92016.0,10317.6,2376.0,226371.6,8877.6,217494.0
42,2012,143661.6,87642.0,10328.4,3236.4,244868.4,8679.6,236188.80000000002
43,2013,142459.2,89535.6,9795.6,4132.8,245923.2,7675.2,238248.0
44,2014,141508.80000000002,94932.0,8812.800000000001,5425.2,250678.80000000002,8478.0,242200.80000000002
45,2015,142149.6,79542.0,9576.0,6177.6,237445.2,8265.6,229179.6
46,2016,130773.6,72846.0,11059.2,7138.8,221817.6,10519.2,211298.4
