,Année,Degré.jour,Total (TJ),Combustibles pétroliers (TJ),Carburants (TJ),Électricité (TJ),Gaz (TJ),Charbon (TJ),Bois (TJ),CAD (TJ),Déchets (TJ),ENR (TJ),Émissions CO2 bâtiment (en millions de T équivalents),Émissions CO2 transport (en millions de T équivalents),Émissions CO2 industrie (en millions de T équivalents),Émissions CO2 autre (en millions de T équivalents),Émissions globales CO2,Population résidente (en milliers),Étrangers (en milliers),USD par baril,Production - Centrales hydrauliques (TJ),Production - Centrales nucléaires (TJ),Production - Centrales thermiques (TJ),Production - Énergies Renouvelables (TJ),Production brute (TJ),Production - Pompage accumulation (TJ),Production nette (TJ)
0,1950,,,,,,,,,,,,,,,,,4717.0,285.0,,,,,,,,
1,1960,,,,,,,,,,,,,,,,,5360.0,514.0,,,,,,,,
2,1970,,,,,,,,,,,,,,,,,6193.0,1001.9,,112582.8,6660.0,6346.8,0.0,125589.6,3474.0,122115.6
3,1971,,,,,,,,,,,,,,,,,,,,99226.8,6634.8,7851.6,0.0,113713.2,4957.2,108756.0
4,1972,,,,,,,,,,,,,,,,,,,,90997.2,16740.0,8535.6,0.0,116272.8,5918.4000000000015,110354.4
5,1973,,,,,,,,,,,,,,,,,,,,103770.0,21225.6,8762.4,0.0,133758.0,6206.4000000000015,127551.6
6,1974,,,,,,,,,,,,,,,,,,,,102826.8,24228.0,7621.2,0.0,134676.0,5547.6,129128.4
7,1975,,,,,,,,,,,,,,,,,,,,122306.4,26607.6,5864.4000000000015,0.0,154778.4,4312.8,150465.6
8,1976,,,,,,,,,,,,,,,,,,,,95839.2,27219.6,7408.8,0.0,130467.6,4838.4000000000015,125629.2
9,1977,,,,,,,,,,,,,,,,,,,,130644.0,27820.8,6786.0,0.0,165250.80000000002,4597.2,160653.6
10,1978,,,,,,,,,,,,,,,,,,,,117036.0,28782.0,6642.0,0.0,152460.0,4899.6,147560.4
11,1979,,,,,,,,,,,,,,,,,,,,116442.0,40474.8,7066.8,0.0,163983.6,5709.6,158274.0
12,1980,,,,,,,,,,,,,,,,,6335.0,913.5,,120751.2,49186.8,3445.2000000000007,0.0,173383.2,5511.6,167871.6
13,1981,,,,,,,,,,,,,,,,,,,,129949.2,52063.2,3441.6,0.0,185454.0,5022.0,180432.0
14,1982,,,,,,,,,,,,,,,,,,,,133326.0,51393.6,3506.4,0.0,188226.0,5515.2,182710.8
15,1983,,,,,,,,,,,,,,,,,,,,129607.2,53355.6,3585.6,0.0,186548.4,4845.6,181702.8
16,1984,,,,,,,,,,,,,,,,,,,,111139.2,62625.6,3182.4,0.0,176947.2,5198.4000000000015,171748.80000000002
17,1985,,,,,,,,,,,,,,,,,,,,117637.2,76611.6,3128.4,0.0,197377.2,4910.4000000000015,192466.8
18,1986,,,,,,,,,,,,,,,,,,,,120920.4,76690.8,3556.8,0.0,201168.0,5259.6,195908.4
19,1987,,,,,,,,,,,,,,,,,,,18.53,127483.2,78123.6,3772.8,0.0,209379.6,5630.4000000000015,203749.2
20,1988,,,,,,,,,,,,,,,,,,,14.91,131180.4,77407.2,3682.8,0.0,212270.4,5202.0,207068.4
21,1989,,,,,,,,,,,,,,,,,,,18.23,109746.0,77554.8,3895.2,0.0,191196.0,5234.4000000000015,185961.6
22,1990,,,,,,,,,,,,17.091791273410095,14.87961410406356,13.075313205738839,8.708583415415747,53.75530199862824,6751.0,1127.1,23.76,110430.0,80272.8,3646.8,316.8,194666.4,6102.0,188564.4
23,1991,,,,,,,,,,,,18.45111869893146,15.352739807788279,13.291801342612175,8.572436758300453,55.668096607632364,6813.2,,20.04,119095.2,77954.40000000001,4489.2,342.0,201880.8,7005.6,194875.2
24,1992,,,,,,,,,,,,18.485882536555167,15.665036842968826,12.747075729193227,8.456719834476372,55.35471494319359,6875.4,,19.32,121410.0,79635.6,5014.8,392.4,206452.8,5176.8,201276.0
25,1993,2641.0,814290.0,245520.0,253490.0,170060.0,79320.0,7280.0,30530.0,11310.0,11960.0,4820.0,17.8723111506251,14.585914481600494,11.963260188532939,8.256109646474542,52.677595467233076,6937.6,,17.01,130510.8,79304.40000000001,3286.8,424.8,213526.8,4269.6,209257.2
26,1994,2264.0,794850.0,228480.0,257470.0,168830.0,78060.0,7350.0,28480.0,11280.0,10110.0,4790.0,16.591976139036706,14.764008231056508,12.092322860798522,8.205571038445935,51.65387826933767,6999.8,,15.86,142401.6,82742.40000000001,3556.8,478.8,229179.6,4575.6,224604.0
27,1995,2429.0,818350.0,237680.0,256360.0,172380.0,86000.0,7920.0,30360.0,11970.0,10440.0,5240.0,17.63648547752538,14.429086728484185,12.116273440138935,8.32979619330222,52.51164183945072,7062.0,1363.6,17.02,128149.2,84549.6,4093.2,496.8,217288.8,5472.0,211816.8
28,1996,2740.0,838860.0,243540.0,259080.0,175290.0,92320.0,5960.0,33340.0,12480.0,11110.0,5740.0,18.488091695583144,14.476604410202016,11.930902733870056,8.333036967732754,53.22863580738797,7081.0,1369.0,20.64,106912.8,85388.40000000001,5601.6,529.2,198432.0,6314.4000000000015,192117.6
29,1997,2460.0,823210.0,228100.0,268890.0,175000.0,88550.0,4590.0,29340.0,12980.0,10090.0,5670.0,17.054868466294597,15.041356048199694,11.630630481694759,8.23531662620024,51.962171622389285,7096.0,1375.2,19.11,125258.4,86295.6,6069.6,536.4,218160.0,5468.4000000000015,212691.6
30,1998,2542.0,847670.0,239750.0,274460.0,178630.0,91550.0,3810.0,29850.0,13250.0,10320.0,6050.0,17.869591197589898,15.248973307042954,12.136402810452124,8.303519564597659,53.55848687968263,7123.536999999999,1383.645,12.76,123462.0,87724.8,7646.4000000000015,579.6,219412.8,5832.0,213580.8
31,1999,2485.0,853620.0,227680.0,286920.0,184370.0,92840.0,3960.0,29410.0,13210.0,8930.0,6300.0,17.198732832089675,15.843009022583349,11.988023121093565,8.259527461452233,53.28929243721882,7164.0,1407.0,17.9,146217.6,84682.8,8589.6,604.8000000000002,240094.8,5068.8,235026.0
32,2000,2238.0,846950.0,208430.0,293370.0,188540.0,93160.0,5770.0,27730.0,13180.0,10440.0,6330.0,16.103314579550894,16.0814080282842,11.966990684063552,8.387233781446417,52.53894707334507,7204.0,1424.0,28.66,136263.6,89816.40000000002,8539.2,633.6,235252.8,7106.4000000000015,228146.4
33,2001,2379.0,869890.0,226750.0,285870.0,193500.0,97020.0,6030.0,29590.0,13900.0,10450.0,6780.0,17.450938879749074,15.779276840531104,12.36411972419801,8.526842500489582,54.12117794496777,7256.0,1448.0,24.46,152139.6,91054.8,8758.800000000001,673.2,252626.4,7009.2,245617.2
34,2002,2297.0,842460.0,208240.0,279810.0,194500.0,94860.0,5560.0,28350.0,14020.0,10190.0,6930.0,16.30816855840252,15.709336031794004,11.896989919837784,8.607695007112913,52.522189517147226,7314.0,1477.0,24.99,131446.80000000002,92491.2,9403.2,698.4,234039.6,8704.800000000001,225334.8
35,2003,2523.0,862530.0,218430.0,276640.0,198440.0,99980.0,5710.0,30250.0,14590.0,11060.0,7430.0,17.28235391187869,15.862440041025325,11.944428438866435,8.635106074752256,53.72432846652271,7364.0,1501.0,28.85,131202.0,93351.6,9680.4,723.6,234957.6,10414.8,224542.8
36,2004,2441.0,865540.0,215460.0,275420.0,202220.0,103430.0,5420.0,30050.0,14770.0,10980.0,7790.0,17.151890385018145,15.929433947106974,12.507317540310565,8.772916670292124,54.36155854272781,7415.102,1524.6629999999998,38.26,126421.2,91555.2,9993.6,712.8000000000002,228682.8,8758.800000000001,219924.0
37,2005,2670.0,878020.0,215720.0,277500.0,206390.0,106460.0,6040.0,31260.0,15240.0,10880.0,8530.0,17.388134020926213,15.998894092165868,12.7390682966489,8.84521081953973,54.97130722928071,7459.128000000001,1541.912,54.57,117932.4,79272.0,10555.2,745.2,208504.8,9471.6,199033.2
38,2006,2461.0,875280.0,207680.0,281300.0,208020.0,104420.0,6520.0,31660.0,15720.0,10990.0,8970.0,16.52245580642229,16.118341786026125,13.054377121824524,8.905041539261891,54.600216253534825,7508.7390000000005,1554.527,65.16,117205.2,94478.4,11170.8,853.2,223707.6,9792.0,213915.6
39,2007,2375.0,851790.0,180730.0,289330.0,206760.0,102180.0,7300.0,30510.0,14670.0,10600.0,9710.0,14.678610721422885,16.43486995629458,12.541012219978427,9.01006670468314,52.66455960237903,7593.494000000001,1602.0929999999998,72.44,130942.8,94838.4,10418.4,1098.0,237297.6,7574.4000000000015,229723.2
40,2008,2557.0,885220.0,188230.0,298420.0,211420.0,108880.0,6560.0,33910.0,15470.0,11130.0,11200.0,15.549788899843929,16.780653229013506,12.667151974282966,9.199171619266075,54.196765722406475,7701.856,1669.715,96.94,135212.4,94075.2,10486.8,1306.8,241081.2,9666.0,231415.2
41,2009,2463.0,865070.0,182080.0,293450.0,206980.0,104530.0,6190.0,34960.0,15320.0,9510.0,12050.0,15.13038921894024,16.578442981480347,12.095959971546982,9.080886468115866,52.885678640083434,7785.806,1714.004,61.74,133689.6,94028.4,10141.2,1519.2,239378.4,9082.8,230295.6
42,2010,2802.0,902680.0,190410.0,295080.0,215230.0,115940.0,6210.0,38230.0,17240.0,10040.0,14300.0,16.317711108808833,16.473040540762444,12.55826098098367,9.131041628728717,54.48005425928366,7870.0,1766.0,79.61,134820.0,90738.0,11242.8,1706.4,238507.2,8978.4,229528.8
43,2011,2292.0,842280.0,150850.0,296590.0,210960.0,104210.0,5740.0,33360.0,15860.0,10510.0,14200.0,13.13494789202788,16.279991706067147,11.817066030036571,9.165368407249488,50.397374035381084,7954.661999999999,1815.994,111.26,121662.0,92016.0,10317.6,2376.0,226371.6,8877.6,217494.0
44,2012,2556.0,873050.0,161130.0,299850.0,212300.0,114320.0,5170.0,36780.0,16880.0,10300.0,16320.0,14.390804214679736,16.405208109300798,11.715856046340294,9.221278553011338,51.733146923332164,8039.06,1869.969,111.63,143661.6,87642.0,10328.4,3236.4,244868.4,8679.6,236188.8
45,2013,2753.0,894700.0,168460.0,299770.0,213560.0,120750.0,5570.0,40370.0,17890.0,10440.0,17890.0,15.264948101447038,16.31713985106305,11.869989483915674,9.175628543451609,52.62770597987737,8139.630999999999,1937.4470000000001,108.56,142459.2,89535.6,9795.6,4132.8,245923.2,7675.2,238248.0
46,2014,2072.0,825500.0,127550.0,298260.0,206880.0,107120.0,5700.0,34410.0,16290.0,11840.0,17450.0,11.870562337236104,16.21435588166324,11.373139964694138,9.269242479145053,48.72730066273854,8238.0,1998.0,98.97,141508.80000000002,94932.0,8812.800000000001,5425.2,250678.8,8478.0,242200.8
47,2015,2409.0,838150.0,133890.0,290530.0,209690.0,112940.0,5210.0,36680.0,18450.0,10190.0,20570.0,12.723152909294818,15.473292645522529,10.742185543998607,9.199190816060046,48.137821914876,8327.0,2048.0,52.32,142149.6,79542.0,9576.0,6177.6,237445.2,8265.6,229179.6
48,2016,2584.0,854300.0,137240.0,291820.0,209660.0,117230.0,4790.0,39480.0,19600.0,10790.0,23690.0,,,,,,8419.55,2101.146,43.64,130773.6,72846.0,11059.2,7138.8,221817.6,10519.2,211298.4
